112|1
150|1
177|1
207|1
248|2
263|1
266|2
308|1
314|1
324|3
326|1
341|1
381|2
385|1
406|1
487|1
520|1
551|1
565|1
598|1
629|1
644|1
649|1
666|1
700|2
703|2
723|1
730|1
733|1
740|1
765|1
786|1
790|1
834|1
865|1
867|1
876|1
892|1
907|1
936|1
937|1
988|1
117|1
163|1
170|1
175|1
201|1
216|1
272|2
285|1
300|2
301|2
317|1
322|2
357|1
361|2
464|2
497|1
521|2
546|1
575|1
593|1
604|1
633|1
651|1
664|1
685|1
694|1
704|1
713|1
774|1
799|1
816|2
819|1
826|1
946|1
951|1
974|1
131|3
174|1
258|1
270|1
276|1
284|1
304|1
334|1
441|1
493|1
532|1
536|1
549|1
563|1
594|1
614|1
665|1
668|1
688|2
689|1
753|1
763|1
764|2
766|1
815|2
818|1
923|1
113|1
148|2
149|1
168|2
199|1
203|1
205|1
247|1
288|1
295|1
358|1
359|1
399|1
412|1
424|1
489|1
496|1
522|2
530|1
602|1
626|1
682|1
728|1
762|1
783|1
791|1
823|1
838|1
848|1
852|1
910|1
933|1
939|1
950|1
952|2
960|1
979|1
982|1
983|1
161|1
182|1
185|1
202|1
213|1
329|1
363|1
400|1
418|1
506|1
561|1
609|1
640|1
642|2
648|1
669|1
671|1
699|1
809|1
908|1
928|1
945|1
961|1
165|2
191|1
267|1
338|1
371|1
405|1
407|1
421|1
494|1
518|1
621|1
662|1
695|1
701|1
741|1
757|1
771|2
784|1
820|1
845|1
919|1
118|1
135|1
136|2
167|1
233|1
265|1
274|1
275|1
335|1
346|1
374|1
394|2
429|1
446|1
447|1
455|1
458|1
472|2
475|1
528|1
531|1
566|1
603|1
608|1
624|2
630|1
632|1
696|1
702|1
714|1
726|1
782|1
822|1
839|1
914|1
947|4
985|1
154|2
156|1
158|1
160|1
188|1
204|2
208|2
218|1
231|2
236|1
325|1
327|1
390|1
443|1
450|3
482|2
492|1
501|1
516|1
537|1
542|1
550|1
556|1
568|1
586|2
618|1
628|1
654|1
667|1
708|2
715|1
729|1
746|1
751|1
759|2
773|2
828|1
857|1
