112|1
113|1
117|1
118|1
131|3
135|1
136|2
148|2
149|1
150|1
154|2
156|1
158|1
160|1
161|1
163|1
165|2
167|1
168|2
170|1
174|1
175|1
177|1
182|1
185|1
188|1
191|1
199|1
201|1
202|1
203|1
204|2
205|1
207|1
208|2
213|1
216|1
218|1
231|2
233|1
236|1
247|1
248|2
258|1
263|1
265|1
266|2
267|1
270|1
272|2
274|1
275|1
276|1
284|1
285|1
288|1
295|1
300|2
301|2
304|1
308|1
314|1
317|1
322|2
324|3
325|1
326|1
327|1
329|1
334|1
335|1
338|1
341|1
346|1
357|1
358|1
359|1
361|2
363|1
371|1
374|1
381|2
385|1
390|1
394|2
399|1
400|1
405|1
406|1
407|1
412|1
418|1
421|1
424|1
429|1
441|1
443|1
446|1
447|1
450|3
455|1
458|1
464|2
472|2
475|1
482|2
487|1
489|1
492|1
493|1
494|1
496|1
497|1
501|1
506|1
516|1
518|1
520|1
521|2
522|2
528|1
530|1
531|1
532|1
536|1
537|1
542|1
546|1
549|1
550|1
551|1
556|1
561|1
563|1
565|1
566|1
568|1
575|1
586|2
593|1
594|1
598|1
602|1
603|1
604|1
608|1
609|1
614|1
618|1
621|1
624|2
626|1
628|1
629|1
630|1
632|1
633|1
640|1
642|2
644|1
648|1
649|1
651|1
654|1
662|1
664|1
665|1
666|1
667|1
668|1
669|1
671|1
682|1
685|1
688|2
689|1
694|1
695|1
696|1
699|1
700|2
701|1
702|1
703|2
704|1
708|2
713|1
714|1
715|1
723|1
726|1
728|1
729|1
730|1
733|1
740|1
741|1
746|1
751|1
753|1
757|1
759|2
762|1
763|1
764|2
765|1
766|1
771|2
773|2
774|1
782|1
783|1
784|1
786|1
790|1
791|1
799|1
809|1
815|2
816|2
818|1
819|1
820|1
822|1
823|1
826|1
828|1
834|1
838|1
839|1
845|1
848|1
852|1
857|1
865|1
867|1
876|1
892|1
907|1
908|1
910|1
914|1
919|1
923|1
928|1
933|1
936|1
937|1
939|1
945|1
946|1
947|4
950|1
951|1
952|2
960|1
961|1
974|1
979|1
982|1
983|1
985|1
988|1
